262144000S,0C
13887115 697
6201 1
13411 1
5573 1
2278 1
2420 1
2553 1
2257 1
6905 1
975 1
905 1
6678 1
6687 1
3088 1
3013 1
3115 1
4018 1
13411 1
2786 1
2903 1
4193 1
15575 1
10335 1
2605 1
1964 1
2286 1
21067 1
2260 1
13411 1
2301 1
2249 1
2334 1
2292 1
4263 1
13411 1
3795 1
2098 1
4221 1
2378 1
4279 1
8580 1
2413 1
13411 1
8608 1
27275 1
4252 1
3344 1
13424 1
3300 1
4519 1
13352 1
8444 1
2508 1
14128 1
382253 1
2241 1
3431 1
2291 1
3999 1
1335 1
2627 1
5407 1
5409 1
1533 1
13349 1
3604 1
2257 1
132620 1
12477 1
2278 1
132664 1
10653 1
5321 1
4154 1
3161 1
3547 1
5095 1
2111 1
2941 1
5736 1
3478 1
202431 1
226292 1
5267 1
2918 1
3239 1
2080 1
15280 1
432047 1
6690 1
2258 1
3289 1
2278 1
4977 1
3036 1
4092 1
4356 1
4300 1
4322 1
7266 1
2270 1
3441 1
3604 1
2374 1
1092 1
2470 1
2264 1
2164 1
3224 1
1998 1
1976 1
2431 1
2155 1
2276 1
7871 1
201668 1
1661 1
3878 1
5598 1
